2,3,2,0.66666666666667,25
2,3,2,0.66666666666667,25
2,3,2,0.66666666666667,25
5,8,5,0.625,10
5,8,5,0.625,10,2025-08-17 07:48:54
5,8,5,0.625,10,2025-08-17 07:54:38
20,6,5.3,3.3333333333333,2.5,2025-08-17 07:54:59
5,6,2,0.83333333333333,10,2025-08-18 15:06:49
8,12,4,0.66666666666667,6.25,2025-08-18 15:07:30
8,12,4,0.66666666666667,6.25,2025-08-18 15:16:52
8,12,4,0.66666666666667,6.25,2025-08-18 15:23:53
56,24,16,2.3333333333333,0.89285714285714,2025-08-18 15:24:08
56,24,16,2.3333333333333,0.89285714285714,2025-08-18 15:25:42
56,24,16,2.3333333333333,0.89285714285714,2025-08-18 15:26:05
56,24,16,2.3333333333333,0.89285714285714,2025-08-18 15:27:30
56,24,16,2.3333333333333,0.89285714285714,2025-08-18 15:27:53
